frame  length  RF2
0.000000  0.000000  -0.000000
1.000000  0.000000  0.000000
2.000000  0.000000  0.000001
3.000000  0.000000  0.000003
4.000000  0.000000  0.000014
5.000000  0.000000  0.000056
6.000000  0.000000  0.000211
7.000000  0.000000  0.000762
8.000000  0.000000  0.002686
9.000000  0.000000  0.009317
10.000000  0.000000  0.031951
11.000000  0.000000  0.108631
12.000000  0.000000  0.366629
13.000000  0.000000  1.228291
14.000000  0.000000  3.226551
15.000000  0.000000  6.646414
16.000000  0.000000  11.827305
17.000000  0.000000  19.084433
18.000000  0.000000  28.709309
19.000000  0.000000  40.964436
20.000000  0.000000  56.094452
21.000000  0.000000  74.312454
22.000000  0.000000  95.806938
23.000000  0.000000  120.629669
24.000000  0.000000  148.176361
25.000000  0.013129  176.338699
26.000000  0.013129  180.403976
27.000000  0.023682  182.914322
28.000000  0.034040  184.057098
29.000000  0.046060  183.628357
30.000000  0.129101  183.181320
31.000000  0.148489  182.083832
32.000000  0.204355  181.002411
33.000000  0.332529  179.453110
34.000000  0.332529  177.542587
35.000000  0.367586  177.056870
36.000000  0.431586  175.921341
37.000000  0.431586  173.943375
38.000000  0.516962  172.543106
39.000000  0.516962  171.812393
40.000000  0.516962  170.112228
41.000000  0.557568  168.267685
42.000000  0.643270  167.517365
43.000000  0.782607  166.960144
44.000000  0.990086  165.634781
45.000000  1.130359  160.360779
46.000000  1.240148  154.642212
47.000000  1.413043  152.176056
48.000000  1.413043  147.903839
49.000000  1.556082  147.106201
50.000000  1.556082  144.192642
51.000000  1.556082  143.856567
52.000000  1.556082  143.403900
53.000000  1.606301  142.141556
54.000000  1.606301  142.120651
55.000000  1.606301  142.089508
56.000000  1.606301  142.043198
57.000000  1.606301  141.974777
58.000000  1.606301  141.873978
59.000000  1.606301  141.727432
60.000000  1.606301  141.517258
61.000000  1.606301  141.222168
62.000000  1.606301  140.838577
63.000000  1.606301  138.843628
64.000000  1.686169  138.309860
65.000000  1.686169  133.193039
66.000000  1.755602  132.505829
67.000000  1.755602  131.906311
68.000000  1.755602  131.150330
69.000000  1.755602  130.256363
70.000000  1.894802  129.303970
71.000000  1.894802  128.371643
72.000000  1.894802  125.651459
73.000000  1.894802  124.902100
74.000000  1.984586  121.792786
75.000000  2.038978  120.908592
76.000000  2.038978  120.292587
77.000000  2.038978  119.861870
78.000000  2.038978  119.560562
79.000000  2.038978  119.303307
80.000000  2.038978  119.144608
81.000000  2.038978  119.049156
82.000000  2.038978  118.992821
83.000000  2.376916  119.090820
84.000000  2.468163  117.837875
85.000000  2.635233  113.239952
86.000000  2.885498  104.641594
87.000000  3.052415  104.102951
88.000000  3.052415  101.806679
89.000000  3.052415  100.951965
90.000000  3.052415  99.852745
91.000000  3.052415  98.516373
92.000000  3.052415  97.017647
93.000000  3.052415  92.796738
94.000000  3.132363  91.696106
95.000000  3.292591  83.812630
96.000000  3.462552  82.488251
97.000000  3.627375  76.455872
98.000000  3.627375  73.291306
99.000000  3.975369  56.089310
100.000000  3.975369  53.250092
101.000000  3.975369  50.397022
102.000000  3.975369  50.126991
103.000000  4.033443  47.853523
104.000000  4.116536  47.240490
105.000000  4.190417  46.446014
106.000000  4.190417  45.404339
107.000000  4.247330  38.167370
108.000000  4.247330  36.857796
109.000000  4.247330  31.255957
110.000000  4.381487  27.190699
111.000000  4.381487  26.092199
112.000000  4.381487  23.037546
113.000000  4.381487  22.687563
114.000000  4.381487  22.279808
115.000000  4.433797  12.974854
116.000000  4.433797  12.642607
117.000000  4.433797  12.343150
118.000000  4.433797  12.045747
119.000000  4.433797  6.650538
120.000000  4.433797  6.644753
121.000000  4.433797  6.639330
122.000000  4.486160  6.631946
123.000000  4.486160  6.622218
124.000000  4.486160  6.609894
125.000000  4.486160  6.594851
126.000000  4.486160  6.576530
127.000000  4.486160  6.554632
128.000000  4.486160  6.531951
129.000000  4.486160  6.512649
130.000000  4.543172  6.485712
131.000000  4.543172  6.445662
132.000000  4.543172  6.403194
133.000000  4.603803  6.393903
134.000000  4.603803  5.002220
135.000000  4.664675  4.856425
136.000000  4.664675  4.762178
137.000000  4.664675  4.670084
138.000000  4.664675  4.542862
139.000000  4.664675  4.375122
140.000000  4.664675  4.168228
141.000000  4.716842  3.958877
142.000000  4.716842  3.770353
143.000000  4.766732  3.598649
144.000000  4.766732  3.621177
145.000000  4.766732  3.657477
146.000000  4.766732  3.713113
147.000000  4.766732  3.797719
148.000000  4.766732  3.934123
149.000000  4.766732  -0.000000
150.000000  4.766732  0.000000
151.000000  4.766732  -0.000000
152.000000  4.766732  0.000000
153.000000  4.766732  -0.000000
154.000000  4.766732  0.000000
155.000000  4.766732  -0.000000
156.000000  4.766732  -0.000000
157.000000  4.766732  -0.000000
158.000000  4.766732  0.000000
159.000000  4.766732  -0.000000
160.000000  4.766732  0.000000
161.000000  4.766732  -0.000000
162.000000  4.766732  0.000000
163.000000  4.766732  0.000000
164.000000  4.766732  -0.000000
165.000000  4.766732  0.000000
166.000000  4.766732  -0.000000
167.000000  4.766732  0.000000
168.000000  4.766732  0.000000
169.000000  4.766732  -0.000000
170.000000  4.766732  0.000000
171.000000  4.766732  -0.000000
172.000000  4.766732  0.000000
173.000000  4.766732  -0.000000
174.000000  4.766732  0.000000
175.000000  4.766732  0.000000
176.000000  4.766732  -0.000000
177.000000  4.766732  0.000000
178.000000  4.766732  -0.000000
179.000000  4.766732  0.000000
180.000000  4.766732  -0.000000
181.000000  4.766732  0.000000
182.000000  4.766732  -0.000000
183.000000  4.766732  0.000000
184.000000  4.766732  -0.000000
185.000000  4.766732  0.000000
186.000000  4.766732  -0.000000
187.000000  4.766732  -0.000000
188.000000  4.766732  0.000000
189.000000  4.766732  -0.000000
190.000000  4.766732  0.000000
191.000000  4.766732  0.000000
192.000000  4.766732  0.000000
193.000000  4.766732  -0.000000
194.000000  4.766732  0.000000
195.000000  4.766732  0.000000
196.000000  4.766732  0.000000
197.000000  4.766732  -0.000000
198.000000  4.766732  0.000000
199.000000  4.766732  0.000000
200.000000  4.766732  -0.000000
201.000000  4.766732  0.000000
202.000000  4.766732  -0.000000
203.000000  4.766732  0.000000
204.000000  4.766732  -0.000000
205.000000  4.766732  0.000000
206.000000  4.766732  0.000000
207.000000  4.766732  -0.000000
208.000000  4.766732  0.000000
209.000000  4.766732  -0.000000
210.000000  4.766732  0.000000
211.000000  4.766732  -0.000000
212.000000  4.766732  0.000000
213.000000  4.766732  0.000000
214.000000  4.766732  -0.000000
215.000000  4.766732  0.000000
216.000000  4.766732  -0.000000
217.000000  4.766732  0.000000
218.000000  4.766732  -0.000000
219.000000  4.766732  -0.000000
220.000000  4.766732  0.000000
221.000000  4.766732  -0.000000
222.000000  4.766732  0.000000
223.000000  4.766732  -0.000000
224.000000  4.766732  -0.000000
225.000000  4.766732  0.000000
226.000000  4.766732  -0.000000
227.000000  4.766732  0.000000
228.000000  4.766732  -0.000000
229.000000  4.766732  0.000000
230.000000  4.766732  -0.000000
231.000000  4.766732  0.000000
232.000000  4.766732  -0.000000
233.000000  4.766732  0.000000
234.000000  4.766732  -0.000000
235.000000  4.766732  0.000000
236.000000  4.766732  -0.000000
237.000000  4.766732  -0.000000
238.000000  4.766732  0.000000
239.000000  4.766732  -0.000000
240.000000  4.766732  -0.000000
241.000000  4.766732  0.000000
242.000000  4.766732  -0.000000
243.000000  4.766732  0.000000
244.000000  4.766732  -0.000000
245.000000  4.766732  0.000000
246.000000  4.766732  -0.000000
247.000000  4.766732  0.000000
