frame      stress       u
0.000000  -0.000000  0.000000
1.000000  0.000000  0.000000
2.000000  0.000001  0.000000
3.000000  0.000003  0.000000
4.000000  0.000014  0.000000
5.000000  0.000056  0.000000
6.000000  0.000211  0.000000
7.000000  0.000762  0.000000
8.000000  0.002686  0.000000
9.000000  0.009317  0.000000
10.000000  0.031951  0.000000
11.000000  0.108631  0.000001
12.000000  0.366629  0.000005
13.000000  1.228291  0.000017
14.000000  3.226551  0.000044
15.000000  6.646414  0.000090
16.000000  11.827305  0.000160
17.000000  19.084433  0.000258
18.000000  28.709309  0.000388
19.000000  40.964436  0.000554
20.000000  56.094452  0.000759
21.000000  74.312454  0.001006
22.000000  95.806938  0.001297
23.000000  120.629669  0.001636
24.000000  148.176361  0.002024
25.000000  176.338699  0.002463
26.000000  180.403976  0.002552
27.000000  182.914322  0.002642
28.000000  184.057098  0.002734
29.000000  183.628357  0.002757
30.000000  183.181320  0.002780
31.000000  182.083832  0.002804
32.000000  181.002411  0.002810
33.000000  179.453110  0.002816
34.000000  177.542587  0.002822
35.000000  177.056870  0.002828
36.000000  175.921341  0.002833
37.000000  173.943375  0.002839
38.000000  172.543106  0.002845
39.000000  171.812393  0.002854
40.000000  170.112228  0.002863
41.000000  168.267685  0.002872
42.000000  167.517365  0.002881
43.000000  166.960144  0.002890
44.000000  165.634781  0.002899
45.000000  160.360779  0.002913
46.000000  154.642212  0.002916
47.000000  152.176056  0.002920
48.000000  147.903839  0.002923
49.000000  147.106201  0.002926
50.000000  144.192642  0.002930
51.000000  143.856567  0.002931
52.000000  143.403900  0.002933
53.000000  142.141556  0.002933
54.000000  142.120651  0.002933
55.000000  142.089508  0.002933
56.000000  142.043198  0.002933
57.000000  141.974777  0.002934
58.000000  141.873978  0.002934
59.000000  141.727432  0.002935
60.000000  141.517258  0.002935
61.000000  141.222168  0.002936
62.000000  140.838577  0.002938
63.000000  138.843628  0.002941
64.000000  138.309860  0.002943
65.000000  133.193039  0.002946
66.000000  132.505829  0.002949
67.000000  131.906311  0.002951
68.000000  131.150330  0.002955
69.000000  130.256363  0.002961
70.000000  129.303970  0.002970
71.000000  128.371643  0.002983
72.000000  125.651459  0.002996
73.000000  124.902100  0.003009
74.000000  121.792786  0.003023
75.000000  120.908592  0.003036
76.000000  120.292587  0.003050
77.000000  119.861870  0.003063
78.000000  119.560562  0.003076
79.000000  119.303307  0.003097
80.000000  119.144608  0.003117
81.000000  119.049156  0.003138
82.000000  118.992821  0.003158
83.000000  119.090820  0.003189
84.000000  117.837875  0.003220
85.000000  113.239952  0.003251
86.000000  104.641594  0.003259
87.000000  104.102951  0.003261
88.000000  101.806679  0.003263
89.000000  100.951965  0.003266
90.000000  99.852745  0.003271
91.000000  98.516373  0.003277
92.000000  97.017647  0.003287
93.000000  92.796738  0.003291
94.000000  91.696106  0.003295
95.000000  83.812630  0.003298
96.000000  82.488251  0.003302
97.000000  76.455872  0.003306
98.000000  73.291306  0.003310
99.000000  56.089310  0.003313
100.000000  53.250092  0.003314
101.000000  50.397022  0.003315
102.000000  50.126991  0.003316
103.000000  47.853523  0.003316
104.000000  47.240490  0.003317
105.000000  46.446014  0.003318
106.000000  45.404339  0.003320
107.000000  38.167370  0.003323
108.000000  36.857796  0.003325
109.000000  31.255957  0.003328
110.000000  27.190699  0.003331
111.000000  26.092199  0.003333
112.000000  23.037546  0.003334
113.000000  22.687563  0.003335
114.000000  22.279808  0.003336
115.000000  12.974854  0.003337
116.000000  12.642607  0.003339
117.000000  12.343150  0.003340
118.000000  12.045747  0.003343
119.000000  6.650538  0.003343
120.000000  6.644753  0.003344
121.000000  6.639330  0.003345
122.000000  6.631946  0.003346
123.000000  6.622218  0.003348
124.000000  6.609894  0.003351
125.000000  6.594851  0.003356
126.000000  6.576530  0.003362
127.000000  6.554632  0.003372
128.000000  6.531951  0.003386
129.000000  6.512649  0.003408
130.000000  6.485712  0.003442
131.000000  6.445662  0.003492
132.000000  6.403194  0.003543
133.000000  6.393903  0.003594
134.000000  5.002220  0.003595
135.000000  4.856425  0.003597
136.000000  4.762178  0.003598
137.000000  4.670084  0.003600
138.000000  4.542862  0.003602
139.000000  4.375122  0.003606
140.000000  4.168228  0.003611
141.000000  3.958877  0.003620
142.000000  3.770353  0.003632
143.000000  3.598649  0.003650
144.000000  3.621177  0.003678
145.000000  3.657477  0.003720
146.000000  3.713113  0.003783
147.000000  3.797719  0.003879
148.000000  3.934123  0.004025
149.000000  -0.000000  0.004026
150.000000  0.000000  0.004027
151.000000  -0.000000  0.004028
152.000000  0.000000  0.004029
153.000000  -0.000000  0.004031
154.000000  0.000000  0.004034
155.000000  -0.000000  0.004039
156.000000  -0.000000  0.004045
157.000000  -0.000000  0.004055
158.000000  0.000000  0.004070
159.000000  -0.000000  0.004092
160.000000  0.000000  0.004126
161.000000  -0.000000  0.004177
162.000000  0.000000  0.004254
163.000000  0.000000  0.004372
164.000000  -0.000000  0.004551
165.000000  0.000000  0.004828
166.000000  -0.000000  0.005261
167.000000  0.000000  0.005950
168.000000  0.000000  0.006759
169.000000  -0.000000  0.007625
170.000000  0.000000  0.008549
171.000000  -0.000000  0.009531
172.000000  0.000000  0.010569
173.000000  -0.000000  0.011663
174.000000  0.000000  0.012812
175.000000  0.000000  0.014015
176.000000  -0.000000  0.015272
177.000000  0.000000  0.016580
178.000000  -0.000000  0.017938
179.000000  0.000000  0.019344
180.000000  -0.000000  0.020797
181.000000  0.000000  0.022295
182.000000  -0.000000  0.023836
183.000000  0.000000  0.025416
184.000000  -0.000000  0.027036
185.000000  0.000000  0.028691
186.000000  -0.000000  0.030379
187.000000  -0.000000  0.032098
188.000000  0.000000  0.033846
189.000000  -0.000000  0.035619
190.000000  0.000000  0.037415
191.000000  0.000000  0.039231
192.000000  0.000000  0.041064
193.000000  -0.000000  0.042911
194.000000  0.000000  0.044770
195.000000  0.000000  0.046637
196.000000  0.000000  0.048509
197.000000  -0.000000  0.050384
198.000000  0.000000  0.052258
199.000000  0.000000  0.054128
200.000000  -0.000000  0.055992
201.000000  0.000000  0.057847
202.000000  -0.000000  0.059688
203.000000  0.000000  0.061515
204.000000  -0.000000  0.063323
205.000000  0.000000  0.065110
206.000000  0.000000  0.066873
207.000000  -0.000000  0.068609
208.000000  0.000000  0.070316
209.000000  -0.000000  0.071991
210.000000  0.000000  0.073632
211.000000  -0.000000  0.075235
212.000000  0.000000  0.076800
213.000000  0.000000  0.078323
214.000000  -0.000000  0.079803
215.000000  0.000000  0.081237
216.000000  -0.000000  0.082624
217.000000  0.000000  0.083962
218.000000  -0.000000  0.085249
219.000000  -0.000000  0.086484
220.000000  0.000000  0.087665
221.000000  -0.000000  0.088792
222.000000  0.000000  0.089863
223.000000  -0.000000  0.090878
224.000000  -0.000000  0.091836
225.000000  0.000000  0.092736
226.000000  -0.000000  0.093579
227.000000  0.000000  0.094364
228.000000  -0.000000  0.095091
229.000000  0.000000  0.095762
230.000000  -0.000000  0.096376
231.000000  0.000000  0.096934
232.000000  -0.000000  0.097437
233.000000  0.000000  0.097888
234.000000  -0.000000  0.098287
235.000000  0.000000  0.098636
236.000000  -0.000000  0.098937
237.000000  -0.000000  0.099193
238.000000  0.000000  0.099406
239.000000  -0.000000  0.099580
240.000000  -0.000000  0.099717
241.000000  0.000000  0.099822
242.000000  -0.000000  0.099898
243.000000  0.000000  0.099948
244.000000  -0.000000  0.099979
245.000000  0.000000  0.099994
246.000000  -0.000000  0.100000
